.Random.seed <-
c(403L, 11L, 1404124345L, 1799338187L, -128776838L, -940279684L, 
-840053569L, -1552741995L, 865075628L, 1221194626L, 1121057117L, 
-309168041L, 1341730622L, 1818613624L, -1138230181L, -1096356935L, 
458545672L, 365805750L, -1307314191L, 852419107L, -678557070L, 
-110112572L, -2116520313L, 433172061L, -1027485612L, -1100844422L, 
20236741L, -877266145L, 145110694L, 201009200L, -1895613741L, 
594759921L, 164355104L, 1728973502L, -525402423L, 583818363L, 
1904161354L, -738687316L, -479379025L, 416491877L, 836941596L, 
236632946L, -2032986131L, 1918752807L, -1050255282L, -805141336L, 
-251991381L, 2135547849L, -1552256040L, -639249786L, -126663839L, 
-1023195405L, 2010986850L, -452524076L, 176042711L, 33577165L, 
543748196L, 149724746L, 438979509L, -583485681L, -1205353450L, 
-1593495872L, 2046851203L, 1696126113L, -70174064L, -1539167890L, 
2070169369L, -1784005717L, 1008732570L, 383061340L, -1690721185L, 
-760800203L, 386271180L, 1007702818L, 1795411325L, 1863474807L, 
1858291614L, 1511040600L, 1640058811L, -967384743L, -1740809496L, 
766173974L, -112991087L, -501794493L, -622635950L, -1766332700L, 
-1698193113L, -193015427L, -1667262348L, 1258461786L, -605981019L, 
-1871469377L, 1582839622L, -2056079920L, 1136289779L, 634035985L, 
266919744L, -1656396002L, -648636439L, 1944878363L, 2029164330L, 
2021713996L, 386752527L, -416797883L, 1432288508L, -403289262L, 
845040845L, -1294537593L, 115406702L, -1269774008L, -1655575221L, 
-768249687L, 241316344L, -1012612826L, -2096029119L, 1597262803L, 
-1517946494L, -670151244L, -1670604489L, 664849453L, 1212266820L, 
1424879210L, 1187596501L, -858513L, 267547510L, 1301718176L, 
-2143109789L, 1441517057L, -2144760464L, -1363505906L, -1028534407L, 
-1659736309L, -416124870L, 1920302908L, 179305599L, 1377210325L, 
1643160044L, -778349758L, 1692204189L, -1923365609L, -389071746L, 
-395357128L, 1203368731L, -1162790791L, 1485775048L, 748742902L, 
186038577L, -1489170077L, 198574898L, 1868975236L, 1468381383L, 
586621853L, -180402412L, 883948986L, -1635607547L, 1192948191L, 
778777702L, -1133587472L, 1550560531L, -1576578383L, -1759265440L, 
-1000148226L, 1245556361L, 2084624827L, -2075163766L, -745805204L, 
271721455L, 2018839589L, 1637930204L, -673633614L, -1523446355L, 
-1961438873L, 1973907086L, 1662564200L, 1937846123L, 897759497L, 
-1892569192L, 783619782L, 1646650401L, 296022195L, 48802338L, 
-505746412L, 169656471L, -425659763L, 388211620L, -320529014L, 
-750876171L, 1663902799L, -2077883562L, -1059718656L, -86273213L, 
-404507935L, -1188929456L, -1381629778L, 1615361113L, -1455864725L, 
-417461798L, 179540636L, -1980945249L, -431595787L, 1913660300L, 
-336186782L, -1347893699L, -410392393L, -1024993442L, 2074614424L, 
1334659579L, -720178279L, -813708248L, -397525802L, 1488283985L, 
396036099L, 1596067730L, -1885627100L, 1107735527L, -1242904515L, 
-423971148L, -1786421990L, -1709560219L, 1022812927L, 181106566L, 
-270595824L, -1460553293L, -1726258607L, 859877888L, 1734979294L, 
-265427671L, -1428821797L, 1969893354L, -1454526724L, 2044966642L, 
879951104L, -728667020L, 689442312L, -698391110L, -1462192688L, 
451573740L, -2092831852L, -115799854L, -300596128L, 630132044L, 
1568019232L, -138962302L, -726744600L, 1267276780L, 1018854972L, 
668845682L, 872123248L, -204899036L, 1962760760L, 1409692058L, 
1933995472L, -1242257988L, -793137516L, -48520574L, -328647232L, 
315103036L, 1363317392L, 1192654626L, -15010296L, 1578705676L, 
939139996L, 2110921746L, -1668256896L, -1638286572L, 765277480L, 
5574714L, -2060532784L, 646134380L, 1346587700L, 1580716178L, 
1684142432L, -1758077620L, 422958560L, 2128927650L, 1598176168L, 
-1537057652L, 347517884L, -2103597966L, -286693392L, -1842002876L, 
-683087784L, 2041700410L, -1244862352L, 458071612L, -1504991468L, 
-1229501758L, 1322373856L, -494828420L, -1683190576L, 311055266L, 
1525534248L, -906387188L, -820525124L, -2009288398L, -1006143296L, 
390214196L, 1905203912L, -1231781190L, -184775536L, 1083344620L, 
-1654270380L, 1766057618L, -1720563936L, 1394087884L, -431535904L, 
-1454780734L, 30086184L, 278035372L, 1585900220L, -1636728334L, 
1303905840L, -925214812L, 1658331576L, -1455703206L, 616027280L, 
997596028L, 1005166356L, -751624894L, -1726787840L, -211657796L, 
-861618352L, 511107362L, -1335047608L, -173975540L, 357715036L, 
339513810L, -890833408L, 909373780L, -1194557208L, -1884770054L, 
-554555696L, -704788180L, -2147280652L, -2020053614L, -228054688L, 
-803592180L, 989039328L, -519667102L, -2116928856L, -861455796L, 
1866934140L, 516091186L, 55789168L, -490030268L, 1113049048L, 
1920892794L, -729739728L, 1171306428L, -1706609068L, -331454398L, 
-1698045792L, 223522492L, 1121028560L, 272941922L, 1730118376L, 
-1450721076L, 762667516L, -1068824078L, 1341250176L, 940946932L, 
-1758345592L, 1236254522L, -1286651056L, -758852500L, -379659884L, 
-1623743406L, 1396238816L, -880362292L, -1834570592L, -284789374L, 
-1052925720L, 372596460L, -1474155204L, -1276658574L, -399916944L, 
1405245476L, -140661704L, 1279178522L, 608845008L, 260601660L, 
1823643540L, 2116389762L, -1140117056L, -1780011460L, -968063600L, 
-231643614L, 2123209992L, -15710580L, -1320986852L, 536551570L, 
1058122112L, -746078700L, -1214566616L, 578572858L, -1817274928L, 
-680277652L, 1718748084L, -140408814L, -344109600L, 734625740L, 
-1789370144L, 838334498L, 1365655848L, 858578444L, -149987524L, 
1815755762L, -1470362896L, -340924860L, -1539497384L, -1309475014L, 
-348826128L, -440791364L, 1650727188L, 914905794L, 1722731616L, 
-1399114884L, 656246736L, -604094174L, 2097859240L, -476679284L, 
-1132058436L, -1883379918L, 1238231616L, 999433396L, 344160840L, 
-2141487686L, -2005411312L, -1141921044L, 1064053076L, -1095597806L, 
964337056L, 843487948L, -967770528L, -970244158L, 930299688L, 
-2081288276L, -965627076L, 1565788530L, -1435673808L, -818789084L, 
-1527252168L, -1859201318L, 976715664L, -125128964L, 1511809940L, 
771520578L, -640334592L, -719231940L, 663593296L, -1993791326L, 
-1152427704L, 961226508L, 1163875036L, -34960046L, -686302080L, 
-1136574172L, -1819737643L, 328367487L, 1481999384L, 1154460470L, 
17214915L, -1143200763L, -2079891550L, -1754399856L, 1410121529L, 
-1782207509L, -830251812L, 1943987466L, 1229483007L, -2074505655L, 
-432579618L, 1293026188L, -1322523811L, 1636844391L, 1800317072L, 
1503360686L, -1163537573L, 708617021L, 1580902826L, -314751416L, 
135181937L, -715782173L, -864488732L, 1320577554L, -1638572569L, 
-1839019599L, -2091778058L, 784343572L, -1009414875L, -1322312145L, 
397093864L, 1099709638L, -1471567501L, -1641016875L, -438901326L, 
439696256L, -610623639L, 979850203L, 41966380L, 523879738L, -491586577L, 
1977716345L, 374331662L, 828917980L, 975585101L, -277057865L, 
1411775552L, -255503074L, -52801557L, -1764822163L, -43515430L, 
-142238824L, 1484415489L, 1153504179L, 285618900L, -973130782L, 
-2089466249L, 1012334529L, 1739185478L, -301781884L, 702427701L, 
-1476298209L, -543285896L, 58645590L, 1993089251L, -596990299L, 
-1828500670L, -1730387664L, -1960789671L, -422266165L, -73800900L, 
-2116629654L, 654256543L, 967516201L, -1305183554L, 1161804716L, 
1793755389L, 1949557831L, 1076462384L, 1818920014L, 222390395L, 
1125886941L, -1533316598L, 808449832L, 1666394513L, -496914557L, 
2056094852L, -1253154126L, -347834873L, -151456175L, 728993238L, 
1398530228L, -1923408699L, -135864817L, -1408461176L, -1201054810L, 
1524732755L, -427508555L, 1539357202L, -723331104L, 1643776585L, 
-32128901L, 1205309772L, 1679213786L, 1222419663L, -1586827111L, 
901835950L, 1759795644L, -1378459091L, 1691293143L, 1205304352L, 
777462142L, -2073825461L, -1291520691L, -212550790L, -283222600L, 
1513406305L, -1225230573L, -1807249612L, 1807211842L, -1534897833L, 
1905319073L, 1181631846L, 2062624612L, 173639317L, 1862811583L, 
-589118632L, -1100447370L, -1115454589L, -1098686011L, 1191323362L, 
